name: align
channels:
  - conda-forge
  - anaconda
  - defaults
dependencies:
  - _libgcc_mutex=0.1=main
  - argparse=1.3.0=py26_0
  - blas=1.0=openblas
  - bzip2=1.0.8=h516909a_1
  - ca-certificates=2019.5.15=1
  - cairo=1.12.2=0
  - certifi=14.05.14=py26_0
  - cycler=0.10.0=py_1
  - dbus=1.13.6=he372182_0
  - expat=2.2.5=he1b5a44_1003
  - ffmpeg=3.4=h7985aa0_0
  - freetype=2.4.10=0
  - gettext=0.19.8.1=hc5be6a0_1002
  - giflib=5.1.9=h516909a_0
  - glib=2.58.3=h6f030ca_1002
  - gmp=6.1.2=hf484d3e_1000
  - gnutls=3.6.5=hd3a4fd2_1002
  - graphite2=1.3.13=hf484d3e_1000
  - gst-plugins-base=1.14.5=h0935bb2_0
  - gstreamer=1.14.5=h36ae1b5_0
  - harfbuzz=0.9.39=1
  - hdf5=1.10.5=nompi_h3c11f04_1103
  - icu=64.2=he1b5a44_1
  - jpeg=9c=h14c3975_1001
  - kiwisolver=0.1.3=py26_0
  - lame=3.100=h14c3975_1001
  - libblas=3.8.0=12_openblas
  - libcblas=3.8.0=12_openblas
  - libclang=8.0.1=hc9558a2_1
  - libedit=3.1.20181209=hc058e9b_0
  - libffi=3.2.1=hd88cf55_4
  - libgcc-ng=9.1.0=hdf63c60_0
  - libgfortran-ng=7.3.0=hdf63c60_0
  - libiconv=1.15=h516909a_1005
  - liblapack=3.8.0=12_openblas
  - liblapacke=3.8.0=12_openblas
  - libllvm8=8.0.1=hc9558a2_0
  - libopenblas=0.3.7=h6e990d7_1
  - libopus=1.3=h7b6447c_0
  - libpng=1.6.37=hed695b0_0
  - libstdcxx-ng=9.1.0=hdf63c60_0
  - libtiff=4.0.10=h57b8799_1003
  - libuuid=2.32.1=h14c3975_1000
  - libvpx=1.7.0=h439df22_0
  - libxcb=1.13=h14c3975_1002
  - libxkbcommon=0.8.4=h516909a_0
  - libxml2=2.9.9=hee79883_5
  - lz4-c=1.8.3=he1b5a44_1001
  - ncurses=6.1=he6710b0_1
  - nettle=3.4.1=h1bed415_1002
  - nspr=4.20=hf484d3e_1000
  - nss=3.46=he751ad9_0
  - numpy=1.9.2=py26_0
  - openh264=1.8.0=hdbcaa40_1000
  - openssl=1.0.1k=1
  - pcre=8.41=hf484d3e_1003
  - pip=7.1.0=py26_0
  - pixman=0.26.2=0
  - pthread-stubs=0.4=h14c3975_1001
  - pyparsing=2.4.2=py_0
  - pyqt=4.10.4=py26_0
  - python=2.6.8=4
  - python-dateutil=2.8.0=py_0
  - qt=4.8.5=0
  - readline=6.2=2
  - setuptools=18.0.1=py26_0
  - sip=4.15.5=py26_0
  - six=1.9.0=py26_0
  - sqlite=3.29.0=h7b6447c_0
  - ssl_match_hostname=3.4.0.2=py26_0
  - system=5.8=2
  - tk=8.6.9=hed695b0_1003
  - tornado=4.2.1=py26_0
  - x264=1!152.20180806=h14c3975_0
  - xlrd=0.9.4=py26_0
  - xorg-kbproto=1.0.7=h14c3975_1002
  - xorg-libice=1.0.10=h516909a_0
  - xorg-libsm=1.2.3=h84519dc_1000
  - xorg-libx11=1.6.8=h516909a_0
  - xorg-libxau=1.0.9=h14c3975_0
  - xorg-libxdmcp=1.1.3=h516909a_0
  - xorg-libxext=1.3.4=h516909a_0
  - xorg-libxrender=0.9.10=h516909a_1002
  - xorg-renderproto=0.11.1=h14c3975_1002
  - xorg-xextproto=7.3.0=h14c3975_1002
  - xorg-xproto=7.0.31=h14c3975_1007
  - xz=5.2.4=h14c3975_4
  - zlib=1.2.11=h7b6447c_3
  - zstd=1.4.0=h3b9ef0a_0
prefix: /home/mycomputer/anaconda3/envs/align

